Segment	Volume			D:/SLS/2010b/mrg/R108C36A_B1_mrg/R108C36A_B1_mrg.roi.2252.2943.1024.gvr
1	9.41E-02			
2	8.46E-02			
3	4.68E-02			
4	9.31E-02			
5	9.57E-02			
6	1.46E-01			
9	5.23E-02			
10	1.24E-01			
13	4.78E-02			
14	1.21E-01			
15	6.52E-02		
16	1.23E-01		
17	2.13E-01		
18	7.26E-02		
19	8.79E-02		
20	4.52E-02		
21	3.92E-02		
22	4.96E-02		
23	2.46E-01		
24	1.28E-01		
27	7.61E-02		
28	3.40E-02		
29	7.51E-02		
30	2.93E-02		
31	1.23E-02	
32	1.69E-02	
34	5.70E-02	
35	9.51E-02	
36	3.51E-02	
37	2.29E-02	
38	4.43E-02	
40	4.83E-02	
41	1.97E-02	
42	2.04E-02	
43	4.30E-02	
44	1.45E-02	
45	3.29E-02	
46	2.01E-02	
47	7.69E-02			
48	2.09E-02			
50	2.09E-01			D:/SLS/2010c/R108C36A_B1_mrg/R108C36A_B1_mrg.2948.2948.1024.gvr
51	2.60E-02			
53	3.39E-02			
54	4.94E-02			
55	3.74E-02			
56	2.75E-02			
57	2.26E-01			
58	1.24E-01			
59	2.35E-01			
60	1.70E-01			
61	2.10E-01			
62	0.0734328			
63	1.61E-01
64	3.53E-02
65	1.77E-02
66	1.82E-02
67	1.52E-01
68	6.60E-02
69	4.83E-02
70	6.08E-03
71	7.85E-02
72	8.76E-02
73	3.51E-02
74	1.22E-02
75	3.95E-02
76	5.38E-02
77	4.51E-02
78	2.07E-02
79	6.25E-02
80	4.81E-02
81	1.60E-01
82	6.18E-02
83	5.45E-02
84	2.85E-02
85	3.13E-02
86	3.89E-02
87	9.07E-02
88	8.18E-02
89	1.87E-01
90	8.24E-02
91	1.21E-01
92	3.41E-02
93	2.52E-02
94	4.51E-02
95	2.01E-01		
96	1.00E-01		
97	2.45E-01		
98	7.17E-02		
99	7.88E-02		
100	2.80E-01		
102	7.88E-02		
103	7.03E-02		
104	2.25E-01		
105	5.64E-02		
106	6.62E-02		
107	6.62E-02		
108	3.42E-02		
109	1.39E-01		
110	2.48E-01		
111	1.99E-01
112	6.22E-02
113	3.43E-02
114	1.88E-01
115	5.04E-02
116	3.04E-02
117	1.62E-02
118	1.10E-02
119	1.54E-01
120	4.00E-02
121	2.82E-02
122	6.79E-02
123	8.66E-02
124	2.24E-02
125	2.18E-02
126	3.41E-02
127	1.84E-02		
128	1.70E-01		
129	1.18E-01		
131	1.80E-01		
132	2.06E-01		
133	7.63E-02		
134	2.55E-01		
135	3.47E-02		
136	2.28E-01		
138	8.41E-02		
139	7.60E-02		
