Segment	Volume		d:/SLS/2010a/mrg/R108C04At-mrg/R108C04At-mrg.2936x2936x1024.gvr
3	0.000132784		
4	0.00245152		
5	0.0103804		
6	0.00820936		
7	0.00501591		
8	6.47E-05		
9	2.32E-05		
10	0.00969488		
11	0.00206977		
12	0.000946085		
13	0.0114244		
14	0.00340922		
15	0.00866746		
16	0.00282332		
17	0.00383911		
19	0.000370135		
20	0.00606822		
21	0.00202993		
22	0.000305403		
23	0.00131622		
24	0.000335279		
25	0.00138427		
26	8.80E-05		
27	0.00119671		
28	0.000645661		
29	0.00181914		
30	0.00111704		
31	0.00539268
32	0.00155689
33	0.000353537
34	0.00425572
35	0.00173449
36	0.00124651
37	0.000340259
38	0.000750229
39	0.000841517
40	0.00313702
41	0.00290299
42	0.00278348
43	7.64E-05
44	0.000750229
45	0.0018125
46	0.00176934
47	0.00284323		
48	0.00873054		
49	0.0021345		
50	0.00202993		
51	0.000539434		
52	0.0060981		
53	0.000702095		
54	0.00358516		
55	0.001288		
56	0.00170627		
57	0.00336109		
58	0.000265568		
59	0.00819442		
61	0.0039802		
62	0.00278514		
63	0.00129464
64	0.000914549
65	0.000474702
66	0.000612465
67	6.47E-05
68	0.00157183
69	0.00196852
70	0.00195856
71	0.00288971
72	0.000453125
73	0.000253949
74	0.0112949
75	0.00649479
76	0.00844173
77	0.000917868
78	0.00128302
79	0.00195026						
80	0.001771						
81	0.000375114						
82	0.000680517						
83	0.000516197						
84	0.000230712						
85	0.00125149						
86	0.00082492						
87	0.0036001						
88	0.0021179						