Segment	Volume	Threshold Comment															
0	2.191E-04																
1	1.856E-01																
2	2.647E-01																
3	1.449E+00																
4	1.484E+00																
5	5.357E-02																
6	2.188E-02																
7	1.429E-02																
8	3.320E-06																
9	4.853E-02																
10	1.449E-02																
11	1.193E-02																
12	3.320E-06																
13	3.960E-01																
14	2.859E-01																
15	2.989E-01																
16	4.821E-02																
17	1.514E+00																
18	8.548E-02																
19	2.841E-01																
20	2.096E-01																
21	3.840E-01																
22	6.804E-02																
23	4.481E-05																
24	6.997E-02																
25	2.783E-02																
26	7.675E-02																
27	6.565E-02																
28	8.150E-02																
29	5.397E-02																
30	1.741E-01																
31	1.176E-01																
32	6.741E-02																
33	1.503E-01																
34	2.769E-01	68	Out Of Sample														
35	2.054E-01	76	Out Of Sample														
36	5.222E-02	86															
37	9.246E-02	84															
38	1.948E-01	84															
39	3.996E-01	61															
40	1.238E+00	61															
41	6.198E-02	83															
42	5.028E-02	85															
43	3.458E-02	84															
44	7.972E-02	51															
45	8.140E-02	86													
46	1.216E-01	82													
47	8.265E-02	82													
48	3.713E-02	96													
49	8.938E-03	87													
50	1.460E-02	93													
51	1.198E-02	88													
52	8.606E-02	70	Out Of Sample												
53	5.423E-02	84	Out Of Sample												
54	2.628E-02	84	Out Of Sample												
55	2.768E-02	101													
56	2.606E-02	93													
57	5.377E-02	70													
58	1.648E-02	88													
59	2.300E-02	65													
60	2.218E-02	82	Out Of Sample												
61	1.165E-01	80												
62	6.665E-02	85												
63	4.624E-02	87												
64	1.702E-01	81	Out Of Sample											
65	9.605E-03	88												
66	4.908E-02	72												
67	1.037E-02	106												
68	1.681E-02	75												
69	3.442E-02	69												
70	1.262E-02	66												
72	1.337E-02	96												
73	2.755E-02	89												
														
														
														
														
														
														
														
														
														
														
														
														
														
														
														
														
														
														
														
														
														
														
														
														
														
														
														
														
														
														
														
														
														
														
														
														
														
														
														
														
														
														
														
														
														
														
														
														
														
														
														
														
														
														
														
														
														
														
														
														
														
														
														
